1669677824
1734234255
1734237101
1734237325
1734240577
1734244543
1734247502
1734251503
1734251719
1734254793
1734258698
1734261726
1734276612
1734320650
1734323606
1734323874
1734327103
1734331163
1734334132
1734337438
1734338156
1734338465
1734340767
1734341433
1734344348
1734345309
1734347669
1734348254
1734352542
1734355628
1734358592
1734362293
1734363221
1734366111
1734369269
1734373430
1734376413
1734380336
1734406904
1734409972
1734410225
1734413467
1734417453
1734420432
1734423769
1734424527
1734424820
1734427114
1734427801
1734430706
1734431671
1734434051
1734434644
1734438877
1734442015
